25
160
816.00 577.00 753.00 533.00 427.00 381.00 285.00 502.00 123.00 486.00 158.00 482.00 761.00 380.00 554.00 752.00 11.00 551.00 355.00 775.00 553.00 491.00 215.00 906.00 978.00 
0 1 1 1 1 1 1 0 0 0 1 0 1 0 0 1 0 0 1 0 1 0 0 0 1 
1 0 1 1 1 1 1 1 0 0 0 1 0 1 0 0 1 0 0 1 0 1 0 0 0 
1 1 0 1 1 0 1 1 1 0 1 0 1 0 1 0 0 1 0 0 0 0 1 0 0 
1 1 1 0 1 0 0 1 1 1 0 1 0 1 0 1 0 0 1 0 0 0 0 1 0 
1 1 1 1 0 0 0 0 1 1 0 0 1 0 1 0 1 0 0 1 1 0 0 0 1 
1 1 0 0 0 0 1 1 1 1 1 1 0 0 0 1 0 1 0 0 1 0 0 1 0 
1 1 1 0 0 1 0 1 1 1 1 1 1 0 0 0 1 0 1 0 0 1 0 0 1 
0 1 1 1 0 1 1 0 1 1 0 1 1 1 0 1 0 1 0 1 0 0 1 0 0 
0 0 1 1 1 1 1 1 0 1 0 0 1 1 1 0 1 0 1 0 1 0 0 1 0 
0 0 0 1 1 1 1 1 1 0 0 0 0 1 1 0 0 1 0 1 0 1 0 0 1 
1 0 1 0 0 1 1 0 0 0 0 1 1 1 1 1 1 0 0 0 1 0 1 0 0 
0 1 0 1 0 1 1 1 0 0 1 0 1 1 1 1 1 1 0 0 0 1 0 1 0 
1 0 1 0 1 0 1 1 1 0 1 1 0 1 1 0 1 1 1 0 1 0 1 0 1 
0 1 0 1 0 0 0 1 1 1 1 1 1 0 1 0 0 1 1 1 0 1 0 1 0 
0 0 1 0 1 0 0 0 1 1 1 1 1 1 0 0 0 0 1 1 0 0 1 0 1 
1 0 0 1 0 1 0 1 0 0 1 1 0 0 0 0 1 1 1 1 1 1 0 0 0 
0 1 0 0 1 0 1 0 1 0 1 1 1 0 0 1 0 1 1 1 1 1 1 0 0 
0 0 1 0 0 1 0 1 0 1 0 1 1 1 0 1 1 0 1 1 0 1 1 1 0 
1 0 0 1 0 0 1 0 1 0 0 0 1 1 1 1 1 1 0 1 0 0 1 1 1 
0 1 0 0 1 0 0 1 0 1 0 0 0 1 1 1 1 1 1 0 0 0 0 1 1 
1 0 0 0 1 1 0 0 1 0 1 0 1 0 0 1 1 0 0 0 0 1 1 1 1 
0 1 0 0 0 0 1 0 0 1 0 1 0 1 0 1 1 1 0 0 1 0 1 1 1 
0 0 1 0 0 0 0 1 0 0 1 0 1 0 1 0 1 1 1 0 1 1 0 1 1 
0 0 0 1 0 1 0 0 1 0 0 1 0 1 0 0 0 1 1 1 1 1 1 0 1 
1 0 0 0 1 0 1 0 0 1 0 0 1 0 1 0 0 0 1 1 1 1 1 1 0 
