49
476
404.00 775.00 775.00 9.00 760.00 275.00 507.00 11.00 706.00 296.00 778.00 793.00 505.00 520.00 698.00 238.00 178.00 291.00 652.00 499.00 437.00 608.00 821.00 95.00 998.00 423.00 248.00 729.00 334.00 182.00 422.00 737.00 956.00 196.00 97.00 68.00 822.00 956.00 430.00 879.00 603.00 207.00 671.00 459.00 79.00 368.00 696.00 608.00 11.00 
0 1 1 1 1 1 1 1 1 0 0 0 0 0 1 0 1 0 0 0 0 1 0 0 1 0 0 0 1 0 0 0 1 0 0 1 0 0 0 0 1 0 1 0 0 0 0 0 1 
1 0 1 1 1 1 1 1 1 1 0 0 0 0 0 1 0 1 0 0 0 0 1 0 0 1 0 0 0 1 0 0 0 1 0 0 1 0 0 0 0 1 0 1 0 0 0 0 0 
1 1 0 1 1 1 1 0 1 1 1 0 0 0 1 0 1 0 1 0 0 0 0 1 0 0 1 0 0 0 1 0 0 0 1 0 0 1 0 0 0 0 0 0 1 0 0 0 0 
1 1 1 0 1 1 1 0 0 1 1 1 0 0 0 1 0 1 0 1 0 1 0 0 1 0 0 1 0 0 0 1 0 0 0 0 0 0 1 0 0 0 0 0 0 1 0 0 0 
1 1 1 1 0 1 1 0 0 0 1 1 1 0 0 0 1 0 1 0 1 0 1 0 0 1 0 0 1 0 0 0 1 0 0 0 0 0 0 1 0 0 0 0 0 0 1 0 0 
1 1 1 1 1 0 1 0 0 0 0 1 1 1 0 0 0 1 0 1 0 0 0 1 0 0 1 0 0 1 0 0 0 1 0 1 0 0 0 0 1 0 0 0 0 0 0 1 0 
1 1 1 1 1 1 0 0 0 0 0 0 1 1 0 0 0 0 1 0 1 0 0 0 1 0 0 1 0 0 1 0 0 0 1 0 1 0 0 0 0 1 1 0 0 0 0 0 1 
1 1 0 0 0 0 0 0 1 1 1 1 1 1 1 1 0 0 0 0 0 1 0 1 0 0 0 0 1 0 0 1 0 0 0 1 0 0 0 1 0 0 1 0 0 0 0 1 0 
1 1 1 0 0 0 0 1 0 1 1 1 1 1 1 1 1 0 0 0 0 0 1 0 1 0 0 0 0 1 0 0 1 0 0 0 1 0 0 0 1 0 0 1 0 0 0 0 1 
0 1 1 1 0 0 0 1 1 0 1 1 1 1 0 1 1 1 0 0 0 1 0 1 0 1 0 0 0 0 1 0 0 1 0 0 0 1 0 0 0 1 0 0 1 0 0 0 0 
0 0 1 1 1 0 0 1 1 1 0 1 1 1 0 0 1 1 1 0 0 0 1 0 1 0 1 0 1 0 0 1 0 0 1 0 0 0 1 0 0 0 0 0 0 1 0 0 0 
0 0 0 1 1 1 0 1 1 1 1 0 1 1 0 0 0 1 1 1 0 0 0 1 0 1 0 1 0 1 0 0 1 0 0 1 0 0 0 1 0 0 0 0 0 0 1 0 0 
0 0 0 0 1 1 1 1 1 1 1 1 0 1 0 0 0 0 1 1 1 0 0 0 1 0 1 0 0 0 1 0 0 1 0 0 1 0 0 0 1 0 1 0 0 0 0 1 0 
0 0 0 0 0 1 1 1 1 1 1 1 1 0 0 0 0 0 0 1 1 0 0 0 0 1 0 1 0 0 0 1 0 0 1 0 0 1 0 0 0 1 0 1 0 0 0 0 1 
1 0 1 0 0 0 0 1 1 0 0 0 0 0 0 1 1 1 1 1 1 1 1 0 0 0 0 0 1 0 1 0 0 0 0 1 0 0 1 0 0 0 1 0 0 0 1 0 0 
0 1 0 1 0 0 0 1 1 1 0 0 0 0 1 0 1 1 1 1 1 1 1 1 0 0 0 0 0 1 0 1 0 0 0 0 1 0 0 1 0 0 0 1 0 0 0 1 0 
1 0 1 0 1 0 0 0 1 1 1 0 0 0 1 1 0 1 1 1 1 0 1 1 1 0 0 0 1 0 1 0 1 0 0 0 0 1 0 0 1 0 0 0 1 0 0 0 1 
0 1 0 1 0 1 0 0 0 1 1 1 0 0 1 1 1 0 1 1 1 0 0 1 1 1 0 0 0 1 0 1 0 1 0 1 0 0 1 0 0 1 0 0 0 1 0 0 0 
0 0 1 0 1 0 1 0 0 0 1 1 1 0 1 1 1 1 0 1 1 0 0 0 1 1 1 0 0 0 1 0 1 0 1 0 1 0 0 1 0 0 1 0 0 0 1 0 0 
0 0 0 1 0 1 0 0 0 0 0 1 1 1 1 1 1 1 1 0 1 0 0 0 0 1 1 1 0 0 0 1 0 1 0 0 0 1 0 0 1 0 0 1 0 0 0 1 0 
0 0 0 0 1 0 1 0 0 0 0 0 1 1 1 1 1 1 1 1 0 0 0 0 0 0 1 1 0 0 0 0 1 0 1 0 0 0 1 0 0 1 0 0 1 0 0 0 1 
1 0 0 1 0 0 0 1 0 1 0 0 0 0 1 1 0 0 0 0 0 0 1 1 1 1 1 1 1 1 0 0 0 0 0 1 0 1 0 0 0 0 1 0 0 1 0 0 0 
0 1 0 0 1 0 0 0 1 0 1 0 0 0 1 1 1 0 0 0 0 1 0 1 1 1 1 1 1 1 1 0 0 0 0 0 1 0 1 0 0 0 0 1 0 0 1 0 0 
0 0 1 0 0 1 0 1 0 1 0 1 0 0 0 1 1 1 0 0 0 1 1 0 1 1 1 1 0 1 1 1 0 0 0 1 0 1 0 1 0 0 0 0 1 0 0 1 0 
1 0 0 1 0 0 1 0 1 0 1 0 1 0 0 0 1 1 1 0 0 1 1 1 0 1 1 1 0 0 1 1 1 0 0 0 1 0 1 0 1 0 1 0 0 1 0 0 1 
0 1 0 0 1 0 0 0 0 1 0 1 0 1 0 0 0 1 1 1 0 1 1 1 1 0 1 1 0 0 0 1 1 1 0 0 0 1 0 1 0 1 0 1 0 0 1 0 0 
0 0 1 0 0 1 0 0 0 0 1 0 1 0 0 0 0 0 1 1 1 1 1 1 1 1 0 1 0 0 0 0 1 1 1 0 0 0 1 0 1 0 0 0 1 0 0 1 0 
0 0 0 1 0 0 1 0 0 0 0 1 0 1 0 0 0 0 0 1 1 1 1 1 1 1 1 0 0 0 0 0 0 1 1 0 0 0 0 1 0 1 0 0 0 1 0 0 1 
1 0 0 0 1 0 0 1 0 0 1 0 0 0 1 0 1 0 0 0 0 1 1 0 0 0 0 0 0 1 1 1 1 1 1 1 1 0 0 0 0 0 1 0 1 0 0 0 0 
0 1 0 0 0 1 0 0 1 0 0 1 0 0 0 1 0 1 0 0 0 1 1 1 0 0 0 0 1 0 1 1 1 1 1 1 1 1 0 0 0 0 0 1 0 1 0 0 0 
0 0 1 0 0 0 1 0 0 1 0 0 1 0 1 0 1 0 1 0 0 0 1 1 1 0 0 0 1 1 0 1 1 1 1 0 1 1 1 0 0 0 1 0 1 0 1 0 0 
0 0 0 1 0 0 0 1 0 0 1 0 0 1 0 1 0 1 0 1 0 0 0 1 1 1 0 0 1 1 1 0 1 1 1 0 0 1 1 1 0 0 0 1 0 1 0 1 0 
1 0 0 0 1 0 0 0 1 0 0 1 0 0 0 0 1 0 1 0 1 0 0 0 1 1 1 0 1 1 1 1 0 1 1 0 0 0 1 1 1 0 0 0 1 0 1 0 1 
0 1 0 0 0 1 0 0 0 1 0 0 1 0 0 0 0 1 0 1 0 0 0 0 0 1 1 1 1 1 1 1 1 0 1 0 0 0 0 1 1 1 0 0 0 1 0 1 0 
0 0 1 0 0 0 1 0 0 0 1 0 0 1 0 0 0 0 1 0 1 0 0 0 0 0 1 1 1 1 1 1 1 1 0 0 0 0 0 0 1 1 0 0 0 0 1 0 1 
1 0 0 0 0 1 0 1 0 0 0 1 0 0 1 0 0 1 0 0 0 1 0 1 0 0 0 0 1 1 0 0 0 0 0 0 1 1 1 1 1 1 1 1 0 0 0 0 0 
0 1 0 0 0 0 1 0 1 0 0 0 1 0 0 1 0 0 1 0 0 0 1 0 1 0 0 0 1 1 1 0 0 0 0 1 0 1 1 1 1 1 1 1 1 0 0 0 0 
0 0 1 0 0 0 0 0 0 1 0 0 0 1 0 0 1 0 0 1 0 1 0 1 0 1 0 0 0 1 1 1 0 0 0 1 1 0 1 1 1 1 0 1 1 1 0 0 0 
0 0 0 1 0 0 0 0 0 0 1 0 0 0 1 0 0 1 0 0 1 0 1 0 1 0 1 0 0 0 1 1 1 0 0 1 1 1 0 1 1 1 0 0 1 1 1 0 0 
0 0 0 0 1 0 0 1 0 0 0 1 0 0 0 1 0 0 1 0 0 0 0 1 0 1 0 1 0 0 0 1 1 1 0 1 1 1 1 0 1 1 0 0 0 1 1 1 0 
1 0 0 0 0 1 0 0 1 0 0 0 1 0 0 0 1 0 0 1 0 0 0 0 1 0 1 0 0 0 0 0 1 1 1 1 1 1 1 1 0 1 0 0 0 0 1 1 1 
0 1 0 0 0 0 1 0 0 1 0 0 0 1 0 0 0 1 0 0 1 0 0 0 0 1 0 1 0 0 0 0 0 1 1 1 1 1 1 1 1 0 0 0 0 0 0 1 1 
1 0 0 0 0 0 1 1 0 0 0 0 1 0 1 0 0 0 1 0 0 1 0 0 1 0 0 0 1 0 1 0 0 0 0 1 1 0 0 0 0 0 0 1 1 1 1 1 1 
0 1 0 0 0 0 0 0 1 0 0 0 0 1 0 1 0 0 0 1 0 0 1 0 0 1 0 0 0 1 0 1 0 0 0 1 1 1 0 0 0 0 1 0 1 1 1 1 1 
0 0 1 0 0 0 0 0 0 1 0 0 0 0 0 0 1 0 0 0 1 0 0 1 0 0 1 0 1 0 1 0 1 0 0 0 1 1 1 0 0 0 1 1 0 1 1 1 1 
0 0 0 1 0 0 0 0 0 0 1 0 0 0 0 0 0 1 0 0 0 1 0 0 1 0 0 1 0 1 0 1 0 1 0 0 0 1 1 1 0 0 1 1 1 0 1 1 1 
0 0 0 0 1 0 0 0 0 0 0 1 0 0 1 0 0 0 1 0 0 0 1 0 0 1 0 0 0 0 1 0 1 0 1 0 0 0 1 1 1 0 1 1 1 1 0 1 1 
0 0 0 0 0 1 0 1 0 0 0 0 1 0 0 1 0 0 0 1 0 0 0 1 0 0 1 0 0 0 0 1 0 1 0 0 0 0 0 1 1 1 1 1 1 1 1 0 1 
1 0 0 0 0 0 1 0 1 0 0 0 0 1 0 0 1 0 0 0 1 0 0 0 1 0 0 1 0 0 0 0 1 0 1 0 0 0 0 0 1 1 1 1 1 1 1 1 0 
